0003 0039 000004ec
0001 014a 00000001
0001 0145 00000001
0003 0035 00000286
0003 0036 0000096e
0003 0031 00000080
0003 003a 00000026
0003 0034 0000003e
0000 0000 00000000
0003 0030 0000008b
0003 0031 00000082
0003 0034 00000040
0000 0000 00000000
0003 0030 0000008e
0003 0031 00000084
0003 003a 00000027
0003 0034 00000042
0000 0000 00000000
0003 0030 00000091
0003 0031 00000085
0003 0034 00000043
0000 0000 00000000
0003 0030 00000093
0003 0031 00000087
0003 0034 00000044
0000 0000 00000000
0003 0030 00000094
0003 0031 00000088
0003 003a 00000028
0003 0034 00000045
0000 0000 00000000
0003 0030 00000096
0003 0031 0000008a
0000 0000 00000000
0003 0035 00000282
0003 0036 00000971
0003 003a 00000029
0003 0034 00000046
0000 0000 00000000
0003 0035 0000027f
0003 0036 00000973
0003 0030 00000097
0003 0031 00000088
0000 0000 00000000
0003 0035 0000027d
0003 0031 0000008b
0003 003a 0000002a
0000 0000 00000000
0003 0035 0000027b
0003 0036 00000974
0003 0034 00000045
0000 0000 00000000
0003 0035 0000027a
0003 0036 00000973
0003 0030 00000099
0003 0031 0000008a
0003 003a 0000002b
0003 0034 00000044
0000 0000 00000000
0003 0036 00000972
0003 0034 00000043
0000 0000 00000000
0003 0036 00000971
0003 0031 0000008c
0003 003a 0000002c
0003 0034 00000041
0000 0000 00000000
0003 0036 0000096f
0000 0000 00000000
0003 0035 00000279
0003 0036 0000096d
0003 003a 0000002d
0003 0034 00000040
0000 0000 00000000
0003 0035 0000027a
0003 0036 00000969
0000 0000 00000000
0003 0036 00000963
0003 003a 0000002e
0003 0034 00000041
0000 0000 00000000
0003 0036 0000095e
0003 0034 00000042
0000 0000 00000000
0003 0036 00000957
0003 0030 0000009a
0003 0031 0000008d
0003 003a 0000002f
0000 0000 00000000
0003 0036 0000094f
0003 0030 0000009c
0003 0031 0000008f
0000 0000 00000000
0003 0035 00000279
0003 0036 00000946
0003 0030 0000009e
0003 0031 0000008e
0003 0034 00000040
0000 0000 00000000
0003 0036 0000093d
0003 0030 0000009f
0003 0031 00000092
0003 003a 00000030
0003 0034 0000003f
0000 0000 00000000
0003 0035 00000278
0003 0036 00000933
0003 0034 0000003e
0000 0000 00000000
0003 0035 00000277
0003 0036 0000092a
0003 0030 000000a1
0003 0031 00000091
0003 003a 00000031
0003 0034 00000040
0000 0000 00000000
0003 0035 00000276
0003 0036 00000921
0003 0034 00000041
0000 0000 00000000
0003 0035 00000274
0003 0036 00000918
0003 0030 000000a2
0003 0031 00000095
0003 003a 00000032
0003 0034 00000042
0000 0000 00000000
0003 0035 00000272
0003 0036 0000090f
0003 0031 00000092
0003 0034 00000043
0000 0000 00000000
0003 0035 00000270
0003 0036 00000906
0003 0030 000000a4
0003 0031 00000091
0003 0034 00000044
0000 0000 00000000
0003 0035 0000026e
0003 0036 000008fc
0003 003a 00000033
0003 0034 00000045
0000 0000 00000000
0003 0035 0000026c
0003 0036 000008f3
0003 0030 000000a5
0003 0031 00000092
0003 0034 00000046
0000 0000 00000000
0003 0035 0000026a
0003 0036 000008ea
0003 0030 000000a7
0003 0031 00000094
0003 0034 00000047
0000 0000 00000000
0003 0035 00000268
0003 0036 000008e1
0003 0030 000000a9
0003 0031 00000093
0003 003a 00000034
0000 0000 00000000
0003 0035 00000266
0003 0036 000008d7
0000 0000 00000000
0003 0035 00000265
0003 0036 000008cd
0003 0034 00000048
0000 0000 00000000
0003 0035 00000263
0003 0036 000008c3
0003 003a 00000035
0000 0000 00000000
0003 0035 00000262
0003 0036 000008b8
0000 0000 00000000
0003 0035 00000260
0003 0036 000008ae
0000 0000 00000000
0003 0035 0000025e
0003 0036 000008a3
0003 0034 00000049
0000 0000 00000000
0003 0035 0000025c
0003 0036 00000898
0003 0030 000000aa
0003 0031 00000094
0003 003a 00000036
0003 0034 00000048
0000 0000 00000000
0003 0035 0000025a
0003 0036 0000088d
0003 0030 000000ac
0003 0031 00000093
0003 0034 00000047
0000 0000 00000000
0003 0035 00000258
0003 0036 00000882
0000 0000 00000000
0003 0035 00000256
0003 0036 00000878
0003 003a 00000037
0000 0000 00000000
0003 0035 00000254
0003 0036 0000086e
0003 0030 000000aa
0003 0031 00000094
0000 0000 00000000
0003 0035 00000253
0003 0036 00000865
0003 0031 00000091
0000 0000 00000000
0003 0035 00000251
0003 0036 0000085c
0003 0034 00000048
0000 0000 00000000
0003 0035 00000250
0003 0036 00000852
0000 0000 00000000
0003 0035 0000024e
0003 0036 00000848
0000 0000 00000000
0003 0035 0000024d
0003 0036 0000083e
0000 0000 00000000
0003 0035 0000024c
0003 0036 00000833
0003 003a 00000038
0003 0034 00000047
0000 0000 00000000
0003 0035 0000024a
0003 0036 00000826
0000 0000 00000000
0003 0035 00000249
0003 0036 00000818
0000 0000 00000000
0003 0035 00000247
0003 0036 00000809
0003 0030 000000ac
0003 0031 00000093
0000 0000 00000000
0003 0035 00000245
0003 0036 000007f9
0000 0000 00000000
0003 0035 00000243
0003 0036 000007ea
0003 0034 00000046
0000 0000 00000000
0003 0035 00000241
0003 0036 000007da
0003 003a 00000039
0000 0000 00000000
0003 0035 0000023e
0003 0036 000007cb
0000 0000 00000000
0003 0035 0000023c
0003 0036 000007bd
0003 0034 00000045
0000 0000 00000000
0003 0035 00000239
0003 0036 000007af
0000 0000 00000000
0003 0035 00000237
0003 0036 000007a2
0000 0000 00000000
0003 0035 00000235
0003 0036 00000795
0003 0030 000000ad
0003 0031 00000094
0000 0000 00000000
0003 0035 00000234
0003 0036 00000789
0000 0000 00000000
0003 0035 00000233
0003 0036 0000077d
0003 003a 0000003a
0003 0034 00000044
0000 0000 00000000
0003 0035 00000232
0003 0036 00000770
0000 0000 00000000
0003 0035 00000231
0003 0036 00000763
0000 0000 00000000
0003 0036 00000753
0003 0030 000000af
0003 0031 00000096
0003 0034 00000043
0000 0000 00000000
0003 0035 00000230
0003 0036 00000743
0003 0031 00000098
0000 0000 00000000
0003 0036 00000731
0003 0034 00000042
0000 0000 00000000
0003 0036 0000071f
0003 0034 00000041
0000 0000 00000000
0003 0036 0000070c
0003 0034 00000042
0000 0000 00000000
0003 0035 00000231
0003 0036 000006fa
0003 0030 000000b0
0003 0031 00000099
0003 0034 00000041
0000 0000 00000000
0003 0036 000006e8
0003 0030 000000b2
0003 0031 0000009b
0000 0000 00000000
0003 0035 00000232
0003 0036 000006d6
0003 003a 0000003b
0003 0034 00000040
0000 0000 00000000
0003 0035 00000234
0003 0036 000006c6
0000 0000 00000000
0003 0035 00000235
0003 0036 000006b7
0003 0030 000000b4
0003 0031 0000009d
0000 0000 00000000
0003 0035 00000236
0003 0036 000006aa
0003 0034 0000003f
0000 0000 00000000
0003 0035 00000237
0003 0036 0000069e
0000 0000 00000000
0003 0035 00000238
0003 0036 00000694
0000 0000 00000000
0003 0035 00000239
0003 0036 0000068b
0003 0030 000000b5
0003 0031 0000009e
0003 0034 0000003e
0000 0000 00000000
0003 0035 0000023a
0003 0036 00000683
0003 003a 0000003c
0000 0000 00000000
0003 0036 0000067d
0000 0000 00000000
0003 0035 0000023b
0003 0036 00000677
0000 0000 00000000
0003 0036 00000674
0000 0000 00000000
0003 0035 0000023c
0003 0036 0000066f
0003 0034 0000003f
0000 0000 00000000
0003 0036 0000066b
0003 0030 000000b7
0003 0031 0000009f
0000 0000 00000000
0003 0035 0000023d
0003 0036 00000667
0000 0000 00000000
0003 0036 00000663
0003 0030 000000b8
0003 0031 000000a0
0003 0034 00000040
0000 0000 00000000
0003 0035 0000023e
0003 0036 0000065f
0003 0034 0000003f
0000 0000 00000000
0003 0036 0000065b
0003 0034 00000040
0000 0000 00000000
0003 0036 00000657
0000 0000 00000000
0003 0036 00000652
0003 0031 000000a3
0003 0034 0000003f
0000 0000 00000000
0003 0036 0000064d
0003 0030 000000ba
0003 0031 000000a2
0000 0000 00000000
0003 0036 00000647
0003 003a 0000003d
0003 0034 00000040
0000 0000 00000000
0003 0036 00000642
0000 0000 00000000
0003 0035 0000023f
0003 0036 0000063f
0003 0034 0000003f
0000 0000 00000000
0003 0036 0000063c
0000 0000 00000000
0003 0036 0000063a
0000 0000 00000000
0003 0036 00000637
0000 0000 00000000
0003 0036 00000635
0003 0030 000000bb
0003 0031 000000a3
0003 003a 0000003e
0000 0000 00000000
0003 0035 00000240
0003 0036 00000634
0000 0000 00000000
0003 0036 00000632
0003 0031 000000a6
0000 0000 00000000
0003 0035 00000241
0003 0036 00000631
0000 0000 00000000
0003 0036 0000062f
0000 0000 00000000
0003 0035 00000242
0003 0036 0000062e
0000 0000 00000000
0003 0035 00000243
0003 0036 0000062c
0003 0030 000000bd
0003 0031 000000a5
0000 0000 00000000
0003 0035 00000244
0003 0036 0000062b
0003 003a 0000003f
0000 0000 00000000
0003 0035 00000245
0003 0036 0000062a
0000 0000 00000000
0003 0036 00000629
0000 0000 00000000
0003 0035 00000246
0003 0036 00000628
0000 0000 00000000
0003 0036 00000627
0003 0034 00000040
0000 0000 00000000
0003 0035 00000247
0003 0036 00000626
0000 0000 00000000
0003 0036 00000625
0003 0030 000000bf
0003 0031 000000a6
0003 0034 0000003f
0000 0000 00000000
0003 0035 00000248
0003 0036 00000624
0003 0034 00000040
0000 0000 00000000
0003 0036 00000623
0000 0000 00000000
0003 0036 00000622
0000 0000 00000000
0003 0036 00000621
0000 0000 00000000
0003 0036 0000061f
0003 0030 000000c0
0003 0031 000000a4
0000 0000 00000000
0003 0035 00000249
0000 0000 00000000
0003 0036 0000061d
0000 0000 00000000
0003 0031 000000a7
0003 003a 00000040
0000 0000 00000000
0003 0035 0000024a
0003 0036 0000061b
0000 0000 00000000
0003 0031 000000a4
0000 0000 00000000
0003 0035 0000024b
0003 0036 0000061a
0000 0000 00000000
0003 0036 00000619
0003 0031 000000a7
0000 0000 00000000
0003 0030 000000c2
0003 0031 000000a6
0000 0000 00000000
0003 0035 0000024c
0003 0036 00000618
0000 0000 00000000
0003 0035 0000024d
0003 0036 00000617
0000 0000 00000000
0003 0035 0000024e
0003 0036 00000616
0000 0000 00000000
0003 0034 00000041
0000 0000 00000000
0003 0036 00000615
0000 0000 00000000
0003 0035 0000024f
0000 0000 00000000
0003 0035 00000250
0003 0036 00000614
0000 0000 00000000
0003 0034 00000042
0000 0000 00000000
0003 0035 00000251
0003 0036 00000613
0000 0000 00000000
0003 0035 00000252
0003 0036 00000612
0000 0000 00000000
0003 0035 00000253
0000 0000 00000000
0003 0035 00000254
0003 0036 00000611
0000 0000 00000000
0003 0036 00000610
0003 0034 00000043
0000 0000 00000000
0003 0035 00000255
0003 0036 0000060f
0000 0000 00000000
0003 0035 00000256
0000 0000 00000000
0003 0035 00000257
0003 0036 0000060e
0000 0000 00000000
0003 0034 00000044
0000 0000 00000000
0003 0036 0000060d
0000 0000 00000000
0003 0035 00000258
0000 0000 00000000
0003 0036 0000060c
0000 0000 00000000
0003 0030 000000c3
0003 0031 000000a7
0000 0000 00000000
0003 0030 000000c2
0003 0031 000000a9
0003 0034 00000045
0000 0000 00000000
0003 0030 000000c3
0003 0031 000000a7
0000 0000 00000000
0003 0035 00000259
0003 0030 000000c2
0003 0031 000000a6
0000 0000 00000000
0003 0036 0000060b
0003 0030 000000c3
0003 0031 000000a7
0000 0000 00000000
0003 0035 0000025a
0000 0000 00000000
0003 0035 0000025b
0000 0000 00000000
0003 0034 00000046
0000 0000 00000000
0003 0035 0000025c
0003 0034 00000045
0000 0000 00000000
0003 0035 0000025d
0003 0036 0000060a
0000 0000 00000000
0003 0034 00000046
0000 0000 00000000
0003 0034 00000045
0000 0000 00000000
0003 0034 00000046
0000 0000 00000000
0003 0034 00000045
0000 0000 00000000
0003 0030 000000c2
0003 0031 000000a6
0003 003a 0000003f
0000 0000 00000000
0003 0030 000000c5
0003 0031 000000a8
0003 003a 0000003e
0003 0034 00000046
0000 0000 00000000
0003 0030 000000cb
0003 0031 000000ae
0003 003a 0000003d
0003 0034 00000047
0000 0000 00000000
0003 0039 ffffffff
0001 014a 00000000
0001 0145 00000000
0000 0000 00000000
